0,497
0,496
0,495
0,494
0,493
0,492
0,491
67,5
67,4
67,3
67,2
67,1
67,0
0,490
0,489
0,488
0,487
0,486
0,485
0,484
66,5
66,4
66,3
66,2
66,1
66,0
65,4
65,3
65,2
65,1
65,0
64,3
64,2
64,1
64,0
63,3
63,2
63,1
63,0
62,4
62,3
62,2
62,1
62,0
61,3
61,2
61,1
61,0
60,3
60,2
60,1
60,0
59,4
59,3
59,2
59,1
59,0
58,4
0,483
0,482
0,481
58,3
58,2
58,1
58,0
57,3
57,2
57,1
57,0
0,480
0,479
56,4
0,478
0,477
0,476
0,475
0,474
56,3
56,2
56,1
56,0
0,473
0,472
55,3
55,2
0,471
0,243
55,1
55,0
0,470
0,469
0,468
0,467
54,4
0,466
0,465
0,464
0,463
0,462
0,461
54,3
54,2
54,1
54,0
0,460
53,3
53,2
0,459
53,1
53,0
0,458
0,457
52,4
52,3
52,2
52,1
52,0
51,4
51,3
51,2
51,1
51,0
33,4
33,2
33,0
